# Flexoki Base colors
flexoki_base <- c(
  "#F2F0E5",  # 50
  "#E6E4D9",  # 100
  "#DAD8CE",  # 150
  "#CECDC3",  # 200
  "#B7B5AC",  # 300
  "#9F9D96",  # 400
  "#878580",  # 500
  "#6F6E69",  # 600
  "#575653",  # 700
  "#403E3C",  # 800
  "#343331",  # 850
  "#282726",  # 900
  "#1C1B1A"   # 950
)

# Flexoki Red
flexoki_red <- c(
  "#FFE1D5",  # 50
  "#FFCABB",  # 100
  "#FDB2A2",  # 150
  "#F89A8A",  # 200
  "#E8705F",  # 300
  "#D14D41",  # 400
  "#C03E35",  # 500
  "#AF3029",  # 600
  "#942822",  # 700
  "#6C201C",  # 800
  "#551B18",  # 850
  "#3E1715",  # 900
  "#261312"   # 950
)

# Flexoki Orange
flexoki_orange <- c(
  "#FFE7CE",  # 50
  "#FED3AF",  # 100
  "#FCC192",  # 150
  "#F9AE77",  # 200
  "#EC8B49",  # 300
  "#DA702C",  # 400
  "#CB6120",  # 500
  "#BC5215",  # 600
  "#9D4310",  # 700
  "#71320D",  # 800
  "#59290D",  # 850
  "#40200D",  # 900
  "#27180E"   # 950
)

# Flexoki Yellow
flexoki_yellow <- c(
  "#FAEEC6",  # 50
  "#F6E2A0",  # 100
  "#F1D67E",  # 150
  "#ECCB60",  # 200
  "#DFB431",  # 300
  "#D0A215",  # 400
  "#BE9207",  # 500
  "#AD8301",  # 600
  "#8E6B01",  # 700
  "#664D01",  # 800
  "#503D02",  # 850
  "#3A2D04",  # 900
  "#241E08"   # 950
)

# Flexoki Green
flexoki_green <- c(
  "#EDEECF",  # 50
  "#DDE2B2",  # 100
  "#CDD597",  # 150
  "#BEC97E",  # 200
  "#A0AF54",  # 300
  "#879A39",  # 400
  "#768D21",  # 500
  "#66800B",  # 600
  "#536907",  # 700
  "#3D4C07",  # 800
  "#313D07",  # 850
  "#252D09",  # 900
  "#1A1E0C"   # 950
)

# Flexoki Cyan
flexoki_cyan <- c(
  "#DDF1E4",  # 50
  "#BFE8D9",  # 100
  "#A2DECE",  # 150
  "#87D3C3",  # 200
  "#5ABDAC",  # 300
  "#3AA99F",  # 400
  "#2F968D",  # 500
  "#24837B",  # 600
  "#1C6C66",  # 700
  "#164F4A",  # 800
  "#143F3C",  # 850
  "#122F2C",  # 900
  "#101F1D"   # 950
)

# Flexoki Blue
flexoki_blue <- c(
  "#E1ECEB",  # 50
  "#C6DDE8",  # 100
  "#ABCFE2",  # 150
  "#92BFDB",  # 200
  "#66A0C8",  # 300
  "#4385BE",  # 400
  "#3171B2",  # 500
  "#205EA6",  # 600
  "#1A4F8C",  # 700
  "#163B66",  # 800
  "#133051",  # 850
  "#12253B",  # 900
  "#101A24"   # 950
)

# Flexoki Purple
flexoki_purple <- c(
  "#F0EAEC",  # 50
  "#E2D9E9",  # 100
  "#D3CAE6",  # 150
  "#C4B9E0",  # 200
  "#A699D0",  # 300
  "#8B7EC8",  # 400
  "#735EB5",  # 500
  "#5E409D",  # 600
  "#4F3685",  # 700
  "#3C2A62",  # 800
  "#31234E",  # 850
  "#261C39",  # 900
  "#1A1623"   # 950
)

# Flexoki Magenta
flexoki_magenta <- c(
  "#FEE4E5",  # 50
  "#FCCFDA",  # 100
  "#F9B9CF",  # 150
  "#F4A4C2",  # 200
  "#E47DA8",  # 300
  "#CE5D97",  # 400
  "#B74583",  # 500
  "#A02F6F",  # 600
  "#87285E",  # 700
  "#641F46",  # 800
  "#4F1B39",  # 850
  "#39172B",  # 900
  "#24131D"   # 950
)

# Flexoki 400 colors (for dark themes)
flexoki_400 <- c(
  "#D14D41",  # red-400
  "#DA702C",  # orange-400
  "#D0A215",  # yellow-400
  "#879A39",  # green-400
  "#3AA99F",  # cyan-400
  "#4385BE",  # blue-400
  "#8B7EC8",  # purple-400
  "#CE5D97"   # magenta-400
)

# Flexoki 500 colors (medium intensity)
flexoki_500 <- c(
  "#C03E35",  # red-500
  "#CB6120",  # orange-500
  "#BE9207",  # yellow-500
  "#768D21",  # green-500
  "#2F968D",  # cyan-500
  "#3171B2",  # blue-500
  "#735EB5",  # purple-500
  "#B74583"   # magenta-500
)

# Flexoki 600 colors (for light themes)
flexoki_600 <- c(
  "#AF3029",  # red-600
  "#BC5215",  # orange-600
  "#AD8301",  # yellow-600
  "#66800B",  # green-600
  "#24837B",  # cyan-600
  "#205EA6",  # blue-600
  "#5E409D",  # purple-600
  "#A02F6F"   # magenta-600
)
